{
  "currentFrameRate": 57.6742,
  "devices": [],
  "gestures": [],
  "hands": [
    {
      "armBasis": [
        [
          0.837603,
          0.0401134,
          -0.544804
        ],
        [
          -0.015679,
          0.998655,
          0.0494245
        ],
        [
          0.546054,
          -0.0328561,
          0.837106
        ]
      ],
      "armWidth": 60.3279,
      "confidence": 0.622298,
      "direction": [
        -0.428992,
        0.441801,
        -0.787894
      ],
      "elbow": [
        180.994,
        206.639,
        243.751
      ],
      "grabStrength": 1,
      "id": 39,
      "palmNormal": [
        -0.175089,
        -0.896359,
        -0.407289
      ],
      "palmPosition": [
        12.3644,
        233.694,
        -8.84946
      ],
      "palmVelocity": [
        -0.141181,
        -0.566926,
        -0.769872
      ],
      "palmWidth": 86.1461,
      "pinchStrength": 0.37386,
      "r": [
        [
          0.879458,
          0.475524,
          0.0207416
        ],
        [
          -0.475971,
          0.878822,
          0.0335325
        ],
        [
          -0.00228268,
          -0.0393628,
          0.999222
        ]
      ],
      "s": 0.904818,
      "sphereCenter": [
        0.0892535,
        204.43,
        -36.1547
      ],
      "sphereRadius": 36.9343,
      "stabilizedPalmPosition": [
        15.0476,
        234.113,
        -9.62541
      ],
      "t": [
        -66.7031,
        -6.82062,
        -118.887
      ],
      "timeVisible": 6.53838,
      "type": "right",
      "wrist": [
        41.4084,
        215.038,
        29.7643
      ]
    }
  ],
  "id": 38260,
  "interactionBox": {
    "center": [
      0,
      200,
      0
    ],
    "size": [
      235.247,
      235.247,
      147.751
    ]
  },
  "pointables": [
    {
      "bases": [
        [
          [
            0.429489,
            0.902735,
            0.0246854
          ],
          [
            -0.467468,
            0.198851,
            0.861355
          ],
          [
            0.772666,
            -0.381482,
            0.507403
          ]
        ],
        [
          [
            0.18293,
            0.975042,
            -0.125818
          ],
          [
            -0.451674,
            0.197023,
            0.870156
          ],
          [
            0.873228,
            -0.10235,
            0.476443
          ]
        ],
        [
          [
            0.18293,
            0.975042,
            -0.125818
          ],
          [
            -0.765754,
            0.221574,
            0.60376
          ],
          [
            0.616569,
            -0.0141007,
            0.787175
          ]
        ],
        [
          [
            0.18293,
            0.975042,
            -0.125818
          ],
          [
            -0.957772,
            0.205624,
            0.200977
          ],
          [
            0.221832,
            0.0837399,
            0.971483
          ]
        ]
      ],
      "btipPosition": [
        -48.9977,
        206.886,
        -28.8342
      ],
      "carpPosition": [
        17.0896,
        203.449,
        40.6188
      ],
      "dipPosition": [
        -44.0825,
        208.741,
        -7.30836
      ],
      "direction": [
        -0.616569,
        0.0141007,
        -0.787175
      ],
      "extended": false,
      "handId": 39,
      "id": 390,
      "length": 49.3419,
      "mcpPosition": [
        17.0896,
        203.449,
        40.6188
      ],
      "pipPosition": [
        -24.1793,
        208.286,
        18.102
      ],
      "stabilizedTipPosition": [
        -45.1187,
        209.002,
        -25.566
      ],
      "timeVisible": 6.53838,
      "tipPosition": [
        -47.8836,
        207.095,
        -23.8454
      ],
      "tipVelocity": [
        -0.838395,
        -0.321274,
        -0.556351
      ],
      "tool": false,
      "touchDistance": -0.030983,
      "touchZone": "touching",
      "type": 0,
      "width": 19.172
    },
    {
      "bases": [
        [
          [
            0.801568,
            0.11043,
            -0.587617
          ],
          [
            0.0883465,
            0.950133,
            0.29907
          ],
          [
            0.59134,
            -0.291639,
            0.75184
          ]
        ],
        [
          [
            0.741629,
            0.137693,
            -0.656526
          ],
          [
            -0.641254,
            0.432834,
            -0.633599
          ],
          [
            0.196925,
            0.890896,
            0.409299
          ]
        ],
        [
          [
            0.741629,
            0.137693,
            -0.656526
          ],
          [
            -0.428584,
            -0.655645,
            -0.621647
          ],
          [
            -0.516045,
            0.742408,
            -0.427233
          ]
        ],
        [
          [
            0.741629,
            0.137693,
            -0.656526
          ],
          [
            -0.1214,
            -0.934996,
            -0.333233
          ],
          [
            -0.659733,
            0.326837,
            -0.676705
          ]
        ]
      ],
      "btipPosition": [
        -3.96602,
        186.599,
        -11.6435
      ],
      "carpPosition": [
        22.7518,
        224.799,
        36.6498
      ],
      "dipPosition": [
        -14.6379,
        191.886,
        -22.5899
      ],
      "direction": [
        0.516045,
        -0.742408,
        0.427233
      ],
      "extended": false,
      "handId": 39,
      "id": 391,
      "length": 55.6769,
      "mcpPosition": [
        -18.4369,
        245.113,
        -15.7182
      ],
      "pipPosition": [
        -26.4469,
        208.875,
        -32.3666
      ],
      "stabilizedTipPosition": [
        -6.40494,
        188.584,
        -13.9943
      ],
      "timeVisible": 6.53838,
      "tipPosition": [
        -6.54075,
        187.709,
        -14.0868
      ],
      "tipVelocity": [
        -1.65044,
        -0.112718,
        -0.0609842
      ],
      "tool": false,
      "touchDistance": 0.333333,
      "touchZone": "none",
      "type": 1,
      "width": 18.3131
    },
    {
      "bases": [
        [
          [
            0.847207,
            -0.0935906,
            -0.522955
          ],
          [
            0.235551,
            0.94849,
            0.211854
          ],
          [
            0.47619,
            -0.302667,
            0.825612
          ]
        ],
        [
          [
            0.834655,
            -0.0857607,
            -0.544055
          ],
          [
            -0.458598,
            0.438838,
            -0.772728
          ],
          [
            0.305022,
            0.894464,
            0.326949
          ]
        ],
        [
          [
            0.834655,
            -0.0857607,
            -0.544055
          ],
          [
            -0.458767,
            -0.65485,
            -0.600586
          ],
          [
            -0.304768,
            0.750877,
            -0.585918
          ]
        ],
        [
          [
            0.834655,
            -0.0857607,
            -0.544055
          ],
          [
            -0.254682,
            -0.935949,
            -0.243181
          ],
          [
            -0.488352,
            0.341533,
            -0.803036
          ]
        ]
      ],
      "btipPosition": [
        3.32834,
        180.649,
        -9.45745
      ],
      "carpPosition": [
        31.8083,
        227.767,
        29.9358
      ],
      "dipPosition": [
        -5.36022,
        186.725,
        -23.7448
      ],
      "direction": [
        0.304768,
        -0.750877,
        0.585918
      ],
      "extended": false,
      "handId": 39,
      "id": 392,
      "length": 63.4393,
      "mcpPosition": [
        0.354133,
        247.759,
        -24.5991
      ],
      "pipPosition": [
        -13.5654,
        206.941,
        -39.5192
      ],
      "stabilizedTipPosition": [
        -0.399551,
        182.481,
        -14.1166
      ],
      "timeVisible": 6.53838,
      "tipPosition": [
        1.14732,
        181.971,
        -12.697
      ],
      "tipVelocity": [
        -1.54694,
        -0.222832,
        -0.867231
      ],
      "tool": false,
      "touchDistance": 0.333333,
      "touchZone": "none",
      "type": 2,
      "width": 17.9859
    },
    {
      "bases": [
        [
          [
            0.887864,
            -0.208344,
            -0.410232
          ],
          [
            0.310538,
            0.929248,
            0.200161
          ],
          [
            0.339505,
            -0.305108,
            0.889745
          ]
        ],
        [
          [
            0.887799,
            -0.208285,
            -0.410403
          ],
          [
            -0.301511,
            0.410497,
            -0.860572
          ],
          [
            0.347713,
            0.887756,
            0.301638
          ]
        ],
        [
          [
            0.887799,
            -0.208285,
            -0.410403
          ],
          [
            -0.438232,
            -0.654988,
            -0.615584
          ],
          [
            -0.140593,
            0.726366,
            -0.672775
          ]
        ],
        [
          [
            0.887799,
            -0.208285,
            -0.410403
          ],
          [
            -0.319807,
            -0.920459,
            -0.224674
          ],
          [
            -0.330963,
            0.330715,
            -0.883793
          ]
        ]
      ],
      "btipPosition": [
        16.1436,
        183.368,
        -8.82497
      ],
      "carpPosition": [
        41.4448,
        227.727,
        23.4225
      ],
      "dipPosition": [
        10.2891,
        189.218,
        -24.4587
      ],
      "direction": [
        0.140593,
        -0.726366,
        0.672775
      ],
      "extended": false,
      "handId": 39,
      "id": 393,
      "length": 60.9986,
      "mcpPosition": [
        21.3104,
        245.822,
        -29.3441
      ],
      "pipPosition": [
        6.60174,
        208.269,
        -42.1038
      ],
      "stabilizedTipPosition": [
        14.348,
        184.34,
        -14.0863
      ],
      "timeVisible": 6.53838,
      "tipPosition": [
        14.6969,
        184.594,
        -12.5417
      ],
      "tipVelocity": [
        -1.2202,
        -0.47452,
        1.1239
      ],
      "tool": false,
      "touchDistance": 0.333333,
      "touchZone": "none",
      "type": 3,
      "width": 17.1147
    },
    {
      "bases": [
        [
          [
            0.857594,
            -0.392912,
            -0.331892
          ],
          [
            0.473619,
            0.8549,
            0.211734
          ],
          [
            0.200542,
            -0.338772,
            0.919248
          ]
        ],
        [
          [
            0.876826,
            -0.43508,
            -0.204651
          ],
          [
            -0.0316735,
            0.372448,
            -0.927512
          ],
          [
            0.479764,
            0.819749,
            0.312792
          ]
        ],
        [
          [
            0.876826,
            -0.43508,
            -0.204651
          ],
          [
            -0.453279,
            -0.606044,
            -0.653643
          ],
          [
            0.160359,
            0.665895,
            -0.728608
          ]
        ],
        [
          [
            0.876826,
            -0.43508,
            -0.204651
          ],
          [
            -0.475511,
            -0.847699,
            -0.235149
          ],
          [
            -0.0711744,
            0.303499,
            -0.95017
          ]
        ]
      ],
      "btipPosition": [
        22.2481,
        194.691,
        -14.8496
      ],
      "carpPosition": [
        51.1264,
        220.819,
        17.0888
      ],
      "dipPosition": [
        21.0866,
        199.644,
        -30.3556
      ],
      "direction": [
        -0.160359,
        -0.665895,
        0.728608
      ],
      "extended": false,
      "handId": 39,
      "id": 394,
      "length": 47.8218,
      "mcpPosition": [
        40.117,
        239.417,
        -33.3764
      ],
      "pipPosition": [
        24.056,
        211.975,
        -43.8476
      ],
      "stabilizedTipPosition": [
        22.6843,
        194.857,
        -20.5408
      ],
      "timeVisible": 6.53838,
      "tipPosition": [
        21.9187,
        195.669,
        -18.7147
      ],
      "tipVelocity": [
        -0.185973,
        -0.838488,
        1.54612
      ],
      "tool": false,
      "touchDistance": 0.333333,
      "touchZone": "none",
      "type": 4,
      "width": 15.2026
    }
  ],
  "r": [
    [
      0.879458,
      0.475524,
      0.0207416
    ],
    [
      -0.475971,
      0.878822,
      0.0335325
    ],
    [
      -0.00228268,
      -0.0393628,
      0.999222
    ]
  ],
  "s": 0.904818,
  "t": [
    -66.7031,
    -6.82062,
    -118.887
  ],
  "timestamp": 216481887423
}